{
 "cells": [
  {
   "cell_type": "code",
   "execution_count": null,
   "metadata": {},
   "outputs": [
    {
     "name": "stdout",
     "output_type": "stream",
     "text": [
      "Extracting MNIST-data/train-images-idx3-ubyte.gz\n",
      "Extracting MNIST-data/train-labels-idx1-ubyte.gz\n",
      "Extracting MNIST-data/t10k-images-idx3-ubyte.gz\n",
      "Extracting MNIST-data/t10k-labels-idx1-ubyte.gz\n",
      "INFO:tensorflow:Using default config.\n",
      "INFO:tensorflow:Using config: {'_model_dir': '/tmp/mnist_convnet_model', '_tf_random_seed': None, '_save_summary_steps': 100, '_save_checkpoints_steps': None, '_save_checkpoints_secs': 600, '_session_config': None, '_keep_checkpoint_max': 5, '_keep_checkpoint_every_n_hours': 10000, '_log_step_count_steps': 100, '_service': None, '_cluster_spec': <tensorflow.python.training.server_lib.ClusterSpec object at 0x1c26f014e0>, '_task_type': 'worker', '_task_id': 0, '_global_id_in_cluster': 0, '_master': '', '_evaluation_master': '', '_is_chief': True, '_num_ps_replicas': 0, '_num_worker_replicas': 1}\n",
      "INFO:tensorflow:Calling model_fn.\n",
      "INFO:tensorflow:Done calling model_fn.\n",
      "INFO:tensorflow:Create CheckpointSaverHook.\n",
      "INFO:tensorflow:Graph was finalized.\n",
      "INFO:tensorflow:Restoring parameters from /tmp/mnist_convnet_model/model.ckpt-1\n",
      "INFO:tensorflow:Running local_init_op.\n",
      "INFO:tensorflow:Done running local_init_op.\n",
      "INFO:tensorflow:Saving checkpoints for 2 into /tmp/mnist_convnet_model/model.ckpt.\n",
      "INFO:tensorflow:probabilities = [[0.10102395 0.09642816 0.10679739 0.09294716 0.09615867 0.11025625\n",
      "  0.10786155 0.09016214 0.09761472 0.10075004]\n",
      " [0.10477266 0.10538567 0.10655022 0.08589081 0.09511353 0.09853425\n",
      "  0.09749848 0.09428151 0.09257947 0.11939336]\n",
      " [0.10422137 0.11034549 0.0993361  0.08991233 0.11215976 0.09056199\n",
      "  0.10179242 0.08936517 0.09750094 0.10480437]\n",
      " [0.10380931 0.11206517 0.11135882 0.10191813 0.10096384 0.09611172\n",
      "  0.09628154 0.08882131 0.08792353 0.10074659]\n",
      " [0.09580415 0.10900434 0.104089   0.09129843 0.10654954 0.10115117\n",
      "  0.10396671 0.09432496 0.09413517 0.09967654]\n",
      " [0.11743026 0.10328761 0.10542285 0.09025384 0.10619478 0.10714613\n",
      "  0.09499971 0.08538372 0.09320495 0.09667613]\n",
      " [0.10308076 0.10986192 0.09588264 0.08918066 0.10571369 0.10318377\n",
      "  0.09908342 0.09233428 0.09580848 0.10587033]\n",
      " [0.0999078  0.10477299 0.09954301 0.09933798 0.09355564 0.09943219\n",
      "  0.11385718 0.08657864 0.09820561 0.10480899]\n",
      " [0.09726869 0.10403717 0.10357562 0.08977351 0.09996758 0.10562972\n",
      "  0.11336556 0.0882411  0.09304906 0.105092  ]\n",
      " [0.0928881  0.11521214 0.09226865 0.07994121 0.10705788 0.11528797\n",
      "  0.10181141 0.08987963 0.0982036  0.10744937]\n",
      " [0.09543633 0.1053436  0.10887893 0.08924984 0.10330904 0.10066931\n",
      "  0.10202258 0.08097738 0.09789454 0.11621842]\n",
      " [0.10890842 0.09470555 0.10132853 0.08998544 0.10991687 0.10689276\n",
      "  0.10421825 0.0900088  0.09989657 0.0941388 ]\n",
      " [0.10038154 0.11460306 0.09791312 0.08720179 0.10049507 0.10013877\n",
      "  0.10201009 0.096462   0.09327382 0.10752074]\n",
      " [0.09008726 0.10400058 0.11704633 0.09261905 0.09874641 0.09831084\n",
      "  0.10496394 0.1010297  0.09137113 0.10182479]\n",
      " [0.10952208 0.10383013 0.10460902 0.08173604 0.09353311 0.11004934\n",
      "  0.1020152  0.09464274 0.08469697 0.11536536]\n",
      " [0.10547531 0.10576214 0.10073648 0.09033687 0.10247555 0.11161753\n",
      "  0.09374084 0.08898257 0.09739834 0.1034744 ]\n",
      " [0.09912049 0.0996886  0.10035726 0.08819143 0.09606952 0.10712961\n",
      "  0.11348419 0.08905414 0.10942067 0.0974841 ]\n",
      " [0.10371994 0.10733575 0.10467164 0.08839146 0.10022879 0.10689142\n",
      "  0.09912155 0.08349615 0.10595445 0.1001888 ]\n",
      " [0.1032763  0.10623157 0.09555127 0.08836357 0.09886679 0.10917765\n",
      "  0.10674177 0.09802646 0.08686906 0.10689551]\n",
      " [0.11189486 0.1088011  0.10290891 0.08677709 0.09620441 0.1062787\n",
      "  0.10069421 0.08902019 0.09745306 0.09996742]\n",
      " [0.101133   0.10637981 0.09385044 0.08421636 0.10222211 0.10992519\n",
      "  0.11002208 0.08980953 0.09884557 0.10359594]\n",
      " [0.09985004 0.0987229  0.10338426 0.09216442 0.10692582 0.09942342\n",
      "  0.101787   0.08650906 0.10478531 0.10644779]\n",
      " [0.10296547 0.10356037 0.10084893 0.09043002 0.1102545  0.10510154\n",
      "  0.09272986 0.09472586 0.08987035 0.10951316]\n",
      " [0.10162133 0.10105915 0.11250362 0.09082066 0.09591365 0.10627475\n",
      "  0.09973553 0.08776924 0.0886953  0.11560678]\n",
      " [0.09979448 0.10884197 0.10600761 0.08979367 0.10474264 0.10337257\n",
      "  0.09579103 0.09292801 0.09264743 0.10608067]\n",
      " [0.12108462 0.10376036 0.09935846 0.09179377 0.08462948 0.09758082\n",
      "  0.10282648 0.09133486 0.0975135  0.11011764]\n",
      " [0.1035165  0.10066845 0.10721513 0.09474992 0.09878271 0.10702694\n",
      "  0.10386171 0.08841772 0.08864526 0.10711566]\n",
      " [0.10156982 0.1000144  0.11727951 0.09014621 0.09166319 0.10120121\n",
      "  0.11815433 0.084071   0.0952012  0.10069916]\n",
      " [0.09973702 0.10786173 0.10923278 0.08343304 0.10572292 0.1097312\n",
      "  0.09461508 0.0904939  0.08584901 0.1133233 ]\n",
      " [0.0965853  0.10504362 0.10710962 0.08755116 0.09639387 0.10584949\n",
      "  0.1041476  0.0970851  0.09685215 0.10338209]\n",
      " [0.10656069 0.10747026 0.11633002 0.08171713 0.10427093 0.10205474\n",
      "  0.09964908 0.08676098 0.08198129 0.11320495]\n",
      " [0.11831685 0.09782735 0.11146359 0.07887885 0.10312083 0.11190834\n",
      "  0.10723445 0.08774573 0.08881027 0.0946937 ]\n",
      " [0.09860436 0.11064841 0.11542125 0.0975344  0.08083437 0.1113897\n",
      "  0.09489822 0.09731697 0.09506595 0.09828641]\n",
      " [0.0915121  0.10157783 0.11265304 0.09131689 0.0941513  0.11251594\n",
      "  0.09821888 0.09169063 0.09245498 0.11390845]\n",
      " [0.09621097 0.10819156 0.10505889 0.07762099 0.11326027 0.10947752\n",
      "  0.10505592 0.07722382 0.09616545 0.11173469]\n",
      " [0.10506067 0.10753476 0.10157606 0.09130102 0.10416491 0.09298868\n",
      "  0.09669185 0.0849693  0.10149055 0.11422221]\n",
      " [0.10784211 0.12020706 0.10483689 0.08089973 0.0960428  0.1032121\n",
      "  0.10855732 0.08183535 0.09438549 0.10218117]\n",
      " [0.09622746 0.11588433 0.10740274 0.08544185 0.1031569  0.1090585\n",
      "  0.09262034 0.08255175 0.09359588 0.11406021]\n",
      " [0.09623761 0.1063697  0.0984704  0.0927263  0.10010169 0.10486124\n",
      "  0.11554411 0.08411627 0.09128717 0.11028549]\n",
      " [0.09275974 0.10166761 0.10267671 0.09979913 0.09440389 0.09922834\n",
      "  0.11213315 0.08707363 0.09638577 0.11387204]\n",
      " [0.09084479 0.09542184 0.10971648 0.09446286 0.09589882 0.11487515\n",
      "  0.09710348 0.09543574 0.10107581 0.105165  ]\n",
      " [0.10875645 0.11425988 0.09134711 0.09409496 0.09845977 0.09744657\n",
      "  0.10456192 0.09041219 0.09469646 0.10596467]\n",
      " [0.10307241 0.09401875 0.10786341 0.09060354 0.11386455 0.10302643\n",
      "  0.10231247 0.0890321  0.09187979 0.10432652]\n",
      " [0.09880596 0.10692062 0.09102745 0.09164089 0.10752132 0.10356487\n",
      "  0.11418764 0.0967899  0.09486834 0.09467307]\n",
      " [0.10547565 0.10879646 0.10627652 0.0891792  0.09720735 0.09864318\n",
      "  0.1104252  0.08590907 0.0919658  0.1061216 ]\n",
      " [0.10686821 0.09869541 0.09292804 0.09098416 0.11583498 0.10779589\n",
      "  0.09846409 0.10248689 0.0910788  0.09486356]\n",
      " [0.10308324 0.10331205 0.11025735 0.09177464 0.09235176 0.09541807\n",
      "  0.1178625  0.07794788 0.09347621 0.11451631]\n",
      " [0.11375201 0.10554294 0.10292355 0.09313302 0.10533322 0.09308186\n",
      "  0.09661543 0.10580792 0.07858109 0.10522901]\n",
      " [0.10148845 0.10290317 0.1031839  0.09097122 0.10272781 0.10557847\n",
      "  0.1011309  0.09282991 0.0952872  0.10389899]\n",
      " [0.10184776 0.10810328 0.10672034 0.09254144 0.09383109 0.09725461\n",
      "  0.10036797 0.07822475 0.0977742  0.12333452]\n",
      " [0.09899949 0.10716001 0.10840402 0.08392212 0.09898224 0.10080924\n",
      "  0.11250558 0.0862616  0.10575171 0.09720404]\n",
      " [0.10912783 0.10817084 0.10149327 0.08842925 0.10551282 0.10128018\n",
      "  0.09522595 0.08546115 0.09518668 0.11011199]\n",
      " [0.10452272 0.10965288 0.10494147 0.0691862  0.10464367 0.09760591\n",
      "  0.108706   0.10035009 0.09376347 0.10662757]\n",
      " [0.10554671 0.10636288 0.10923882 0.09017686 0.10971992 0.10240128\n",
      "  0.0973948  0.0832914  0.08046833 0.11539901]\n",
      " [0.09867559 0.09445037 0.10473003 0.08542664 0.10807319 0.09458003\n",
      "  0.13097958 0.08842862 0.08900478 0.10565118]\n",
      " [0.09265563 0.1036054  0.10377061 0.0814316  0.10435361 0.1030443\n",
      "  0.11674733 0.09020185 0.10011388 0.10407582]\n",
      " [0.10652417 0.10808035 0.10573781 0.09051586 0.09814396 0.0911976\n",
      "  0.1055577  0.10336743 0.08605798 0.10481714]\n",
      " [0.10838351 0.10804643 0.10092901 0.08797219 0.10556053 0.10659826\n",
      "  0.10131348 0.08097892 0.0848119  0.1154057 ]\n",
      " [0.09553035 0.10884689 0.10673212 0.08879913 0.08998694 0.09312719\n",
      "  0.10330458 0.09227955 0.09908566 0.12230756]\n",
      " [0.09421422 0.11450326 0.10941793 0.092807   0.0960521  0.11766271\n",
      "  0.106328   0.08587795 0.08340473 0.09973206]\n",
      " [0.10359486 0.09539979 0.09711982 0.09777336 0.09418165 0.10485879\n",
      "  0.10207376 0.09900326 0.09527928 0.11071546]\n",
      " [0.11077354 0.10976545 0.10715456 0.08294297 0.09261965 0.10118707\n",
      "  0.10509741 0.08954247 0.09296161 0.10795531]\n",
      " [0.10362146 0.12025928 0.09756346 0.09392364 0.09974495 0.09807219\n",
      "  0.0999703  0.09427766 0.0915153  0.10105182]\n",
      " [0.1056725  0.10183352 0.10809457 0.08952431 0.10558352 0.09804102\n",
      "  0.09100264 0.09581912 0.09948601 0.10494276]\n",
      " [0.09762583 0.10678671 0.09839103 0.08751195 0.09263626 0.1088502\n",
      "  0.11651975 0.08762736 0.10140216 0.10264881]\n",
      " [0.0979339  0.10750356 0.11670382 0.09132729 0.09739067 0.09507532\n",
      "  0.10330084 0.08595602 0.10189685 0.10291169]\n",
      " [0.10068062 0.104992   0.10826031 0.09614035 0.0908707  0.10526396\n",
      "  0.10420156 0.0847339  0.09838409 0.10647248]\n",
      " [0.09616322 0.09385311 0.11235786 0.09214412 0.10524783 0.11801145\n",
      "  0.10144589 0.09160505 0.09376059 0.09541094]\n",
      " [0.0987353  0.10574349 0.10969647 0.09044374 0.11006694 0.10616472\n",
      "  0.08841614 0.0912039  0.08796526 0.11156399]\n",
      " [0.11022797 0.10549083 0.10112589 0.09871429 0.09229881 0.0986043\n",
      "  0.10358179 0.09661972 0.08877084 0.10456546]\n",
      " [0.09973829 0.10856543 0.10834055 0.0904988  0.10404523 0.10131571\n",
      "  0.09871658 0.09112868 0.09696361 0.10068718]\n",
      " [0.1062107  0.10186075 0.08718731 0.08893971 0.11225278 0.11366079\n",
      "  0.10012368 0.09957884 0.0932594  0.09692611]\n",
      " [0.10428115 0.10550667 0.10137771 0.09580886 0.10791431 0.10787708\n",
      "  0.10024998 0.09209444 0.09144154 0.09344824]\n",
      " [0.1064389  0.11598997 0.09207674 0.09852289 0.10708237 0.09872206\n",
      "  0.10675789 0.08774876 0.0878522  0.09880817]\n",
      " [0.10425182 0.10348647 0.10407932 0.09023519 0.09857363 0.11101358\n",
      "  0.10136046 0.10059508 0.08984977 0.09655474]\n",
      " [0.09917637 0.10007273 0.11754407 0.09225084 0.10609767 0.09992\n",
      "  0.10242745 0.10349043 0.0824287  0.09659166]\n",
      " [0.11058865 0.1054806  0.09961051 0.07839878 0.10758024 0.1054738\n",
      "  0.10256224 0.08825051 0.09599604 0.10605869]\n",
      " [0.10243495 0.11134886 0.10684483 0.08755425 0.09543835 0.10745221\n",
      "  0.09354828 0.10613656 0.08988598 0.09935578]\n",
      " [0.09254912 0.10906734 0.11806517 0.09147581 0.10246164 0.09610958\n",
      "  0.09352485 0.10002501 0.09958987 0.09713165]\n",
      " [0.10938299 0.10132857 0.1032585  0.08379378 0.10691914 0.09808189\n",
      "  0.09761109 0.09468611 0.09087441 0.11406348]\n",
      " [0.10121091 0.10616799 0.10430192 0.09143858 0.10319486 0.09964579\n",
      "  0.10728908 0.09277295 0.09613281 0.0978451 ]\n",
      " [0.09289505 0.1189027  0.11425015 0.09316259 0.10267156 0.09723784\n",
      "  0.09382175 0.09195028 0.08884846 0.10625964]\n",
      " [0.09068188 0.11458489 0.09939995 0.08874463 0.10934701 0.1062374\n",
      "  0.10101452 0.09016669 0.09048317 0.10933991]\n",
      " [0.09438159 0.12281259 0.1074976  0.09205429 0.09362525 0.10712725\n",
      "  0.10258874 0.09717783 0.08648884 0.09624606]\n",
      " [0.09910435 0.11085185 0.10801621 0.09548371 0.10964514 0.09863415\n",
      "  0.09972298 0.08840404 0.09511422 0.09502333]\n",
      " [0.10977381 0.11831719 0.10161498 0.09137273 0.10572023 0.09783643\n",
      "  0.10196801 0.08726671 0.08539717 0.1007328 ]\n",
      " [0.09953246 0.11016196 0.10135859 0.08022629 0.097897   0.11511159\n",
      "  0.10165279 0.09000874 0.1018424  0.10220814]\n",
      " [0.10944584 0.11699601 0.1062848  0.08271667 0.09891567 0.10077149\n",
      "  0.11531129 0.08841451 0.07977308 0.10137063]\n",
      " [0.09014784 0.10545577 0.11966333 0.08933257 0.09916731 0.09914673\n",
      "  0.10800499 0.08882342 0.10244044 0.0978176 ]\n",
      " [0.1058135  0.09622052 0.10277064 0.08645742 0.1023135  0.10127418\n",
      "  0.09721728 0.09881431 0.10277914 0.10633944]\n",
      " [0.10236309 0.10498486 0.10611195 0.09292164 0.08679755 0.10358821\n",
      "  0.11397637 0.07842957 0.10258628 0.10824055]\n",
      " [0.10063467 0.09261641 0.11608572 0.09466873 0.10401454 0.09913193\n",
      "  0.10639018 0.08899149 0.09847736 0.098989  ]\n",
      " [0.10264452 0.10392861 0.09928928 0.08994395 0.10031156 0.10598426\n",
      "  0.10337513 0.10365195 0.08874116 0.10212962]\n",
      " [0.10245892 0.10045756 0.09992855 0.08830324 0.10258364 0.10369789\n",
      "  0.10208976 0.0947017  0.10113913 0.10463963]\n",
      " [0.10174546 0.10752077 0.10717333 0.0925579  0.09226221 0.10862538\n",
      "  0.0998189  0.08652322 0.09344683 0.110326  ]\n",
      " [0.09098118 0.10927641 0.10410438 0.09356854 0.11249355 0.09244188\n",
      "  0.09870782 0.09460687 0.1089628  0.09485657]\n",
      " [0.09725093 0.10969291 0.10509797 0.08619364 0.10282472 0.10929076\n",
      "  0.10825244 0.08483972 0.09090094 0.10565592]\n",
      " [0.11051658 0.10643062 0.10021592 0.08765249 0.09914449 0.10166991\n",
      "  0.10265549 0.08933996 0.09652872 0.10584582]\n",
      " [0.09529762 0.10648106 0.10379276 0.08928194 0.10331193 0.10739797\n",
      "  0.10416837 0.09005436 0.10228245 0.09793156]\n",
      " [0.09832985 0.11084586 0.1130389  0.10092574 0.09395227 0.09047166\n",
      "  0.10472759 0.09189448 0.08953497 0.10627868]]\n"
     ]
    },
    {
     "name": "stdout",
     "output_type": "stream",
     "text": [
      "INFO:tensorflow:loss = 2.3170187, step = 2\n",
      "INFO:tensorflow:probabilities = [[0.10870275 0.09499353 0.11240425 0.09670727 0.09239185 0.10617566\n",
      "  0.10747076 0.08938447 0.09482719 0.09694219]\n",
      " [0.09469759 0.1073093  0.1007062  0.10449903 0.10522822 0.10337617\n",
      "  0.10026094 0.10791025 0.08697245 0.08903988]\n",
      " [0.09464122 0.10841856 0.1092185  0.08835022 0.10177258 0.10977627\n",
      "  0.1002716  0.10099321 0.09567644 0.09088144]\n",
      " [0.10355074 0.11602549 0.10640494 0.08455808 0.09810195 0.10690811\n",
      "  0.10389793 0.0798461  0.08478866 0.11591798]\n",
      " [0.10090047 0.10727924 0.1086717  0.09648246 0.09627861 0.10476805\n",
      "  0.10675652 0.09330632 0.08486161 0.10069495]\n",
      " [0.10051887 0.10011361 0.10694154 0.08316493 0.09226263 0.11137009\n",
      "  0.11051057 0.08582465 0.09132746 0.11796573]\n",
      " [0.10011013 0.09667183 0.1067429  0.08337748 0.11479307 0.10817729\n",
      "  0.1012611  0.09449339 0.09213602 0.10223678]\n",
      " [0.10266269 0.09550209 0.11149979 0.08982458 0.10443158 0.08846757\n",
      "  0.09494271 0.0953175  0.10065681 0.11669461]\n",
      " [0.10040062 0.1086341  0.09525383 0.08792339 0.10053062 0.1071754\n",
      "  0.10796774 0.10153475 0.08740016 0.10317938]\n",
      " [0.10593304 0.10062514 0.11979786 0.09274113 0.09645848 0.09739976\n",
      "  0.09877333 0.0896444  0.08624074 0.11238622]\n",
      " [0.10834355 0.08840644 0.11386491 0.09107863 0.11242853 0.11319133\n",
      "  0.10193516 0.09178948 0.08478622 0.09417575]\n",
      " [0.09975745 0.1002764  0.10265762 0.09253976 0.10963525 0.09783044\n",
      "  0.10394685 0.09435519 0.09708137 0.10191958]\n",
      " [0.10257208 0.10432746 0.10059841 0.09173502 0.10092165 0.10024577\n",
      "  0.10835204 0.09562745 0.09126528 0.10435486]\n",
      " [0.09630271 0.10399518 0.10103896 0.09508009 0.10159653 0.10435833\n",
      "  0.09820118 0.09525273 0.10295337 0.10122088]\n",
      " [0.11029293 0.10610233 0.09726504 0.08633157 0.09746735 0.10907774\n",
      "  0.10388606 0.0799617  0.10004839 0.1095669 ]\n",
      " [0.09716564 0.09481163 0.10192464 0.0933974  0.09823754 0.11401957\n",
      "  0.10794227 0.09662015 0.09988055 0.09600062]\n",
      " [0.10273346 0.10516673 0.10265846 0.09799194 0.10150895 0.105557\n",
      "  0.09729525 0.08988766 0.0995065  0.09769404]\n",
      " [0.09919862 0.10532019 0.10962489 0.09283769 0.10491702 0.10134622\n",
      "  0.1006372  0.08377884 0.09255086 0.10978846]\n",
      " [0.10545799 0.10505951 0.11147829 0.08957341 0.09053483 0.10596935\n",
      "  0.10299467 0.09114707 0.08602887 0.111756  ]\n",
      " [0.10867657 0.09578449 0.1156849  0.08511125 0.09081314 0.10161661\n",
      "  0.10529208 0.08629831 0.09782985 0.11289288]\n",
      " [0.11010375 0.10637058 0.11189801 0.08228374 0.09392652 0.10156593\n",
      "  0.10249654 0.07749385 0.10125717 0.11260398]\n",
      " [0.10486287 0.09484445 0.11000035 0.08744859 0.09616394 0.11376725\n",
      "  0.10538864 0.08722427 0.09784319 0.1024565 ]\n",
      " [0.10412765 0.0974699  0.09858058 0.09990395 0.1107286  0.09851288\n",
      "  0.11024668 0.08575986 0.09548097 0.09918892]\n",
      " [0.09533431 0.10537978 0.09820659 0.09121818 0.09283334 0.09718685\n",
      "  0.11446357 0.09323022 0.09842858 0.11371862]\n",
      " [0.10044444 0.10134418 0.10228027 0.09258161 0.11217241 0.0988548\n",
      "  0.09591986 0.08528886 0.1031438  0.10796976]\n",
      " [0.09725531 0.11034368 0.10867215 0.08485442 0.10120103 0.10056484\n",
      "  0.10900525 0.08640415 0.09163462 0.1100646 ]\n",
      " [0.10288431 0.10454371 0.12451125 0.09852    0.09049961 0.09544547\n",
      "  0.09916288 0.08571193 0.09198225 0.1067386 ]\n",
      " [0.09778202 0.12228987 0.10064477 0.08722145 0.10142889 0.09651243\n",
      "  0.1043328  0.09722119 0.09158777 0.10097882]\n",
      " [0.11520302 0.11660247 0.10170087 0.0880864  0.09863349 0.09183969\n",
      "  0.10446218 0.08076176 0.08830695 0.1144032 ]\n",
      " [0.1059328  0.09201428 0.12125154 0.08653878 0.09083599 0.10494015\n",
      "  0.10406815 0.08790445 0.09344457 0.11306933]\n",
      " [0.11428869 0.10003339 0.10902012 0.09390891 0.09378491 0.11518762\n",
      "  0.09999956 0.08842964 0.08323335 0.10211376]\n",
      " [0.09827368 0.1144101  0.10717184 0.08376272 0.09631408 0.10844716\n",
      "  0.10534045 0.09179669 0.09379438 0.10068888]\n",
      " [0.11194254 0.10429841 0.10689238 0.09862323 0.09795241 0.10037554\n",
      "  0.0962261  0.09286317 0.0970622  0.093764  ]\n",
      " [0.10345978 0.11383692 0.10746535 0.10024474 0.08996243 0.10689205\n",
      "  0.09907826 0.08092243 0.09604237 0.10209565]\n",
      " [0.10583667 0.09989372 0.1120285  0.08967966 0.10147735 0.09653746\n",
      "  0.0984799  0.08222921 0.10306976 0.11076783]\n",
      " [0.10343418 0.10598421 0.10513744 0.08911931 0.09872987 0.1037221\n",
      "  0.1154237  0.08721306 0.09614082 0.09509533]\n",
      " [0.10991094 0.11332834 0.09757652 0.08823584 0.09577235 0.10369101\n",
      "  0.1057272  0.07764548 0.08911852 0.11899377]\n",
      " [0.10891113 0.10955877 0.10416273 0.09359687 0.09469276 0.10232688\n",
      "  0.10079166 0.08525501 0.09481758 0.10588665]\n",
      " [0.09966796 0.09861816 0.10738811 0.08268718 0.10403135 0.11702309\n",
      "  0.0985234  0.08784339 0.09538265 0.10883467]\n",
      " [0.10077398 0.08792629 0.10636001 0.09890341 0.11714473 0.09568051\n",
      "  0.09707257 0.10104209 0.08993167 0.10516478]\n",
      " [0.10787487 0.10199787 0.09144195 0.0998586  0.0999257  0.10422121\n",
      "  0.10769667 0.08293223 0.10056888 0.10348202]\n",
      " [0.09743199 0.10580865 0.1058697  0.08801512 0.09951367 0.10908832\n",
      "  0.10810352 0.08312662 0.10043287 0.10260955]\n",
      " [0.11086213 0.10087341 0.1021101  0.08905946 0.10201521 0.09525859\n",
      "  0.09270458 0.09406848 0.0951596  0.1178885 ]\n",
      " [0.09875277 0.10171089 0.11075416 0.09105287 0.09103455 0.10192446\n",
      "  0.10360985 0.09021166 0.09454554 0.11640325]\n",
      " [0.10706526 0.10381854 0.09113397 0.09198269 0.10012081 0.11621878\n",
      "  0.1082635  0.08437708 0.09582261 0.10119672]\n",
      " [0.09869618 0.09794009 0.1023926  0.09007178 0.09764868 0.11496394\n",
      "  0.1021818  0.08918221 0.09819269 0.10873003]\n",
      " [0.09636515 0.10093895 0.10744645 0.09547147 0.09514175 0.10476123\n",
      "  0.1037844  0.09196394 0.10143542 0.10269127]\n",
      " [0.0980775  0.10059594 0.09858897 0.09974348 0.11066603 0.10338966\n",
      "  0.09095749 0.10771823 0.09089591 0.09936678]\n",
      " [0.10826516 0.10672177 0.10619625 0.09122767 0.10438288 0.09497149\n",
      "  0.09520113 0.0896434  0.10123986 0.10215047]\n",
      " [0.11368643 0.10277797 0.09365819 0.0948121  0.10472538 0.10749006\n",
      "  0.10174145 0.08695778 0.09680046 0.09735017]\n",
      " [0.10159515 0.1032393  0.09600438 0.08867308 0.09590156 0.11546471\n",
      "  0.11324704 0.09272339 0.09708899 0.09606235]\n",
      " [0.09613787 0.10761582 0.11907948 0.0927064  0.0971451  0.1145912\n",
      "  0.09155444 0.09121276 0.09383903 0.09611794]\n",
      " [0.09687103 0.10290445 0.11138321 0.09421487 0.09658616 0.1003939\n",
      "  0.09563599 0.10037289 0.09898742 0.10265004]\n",
      " [0.10294729 0.11048675 0.09711885 0.10551524 0.10380637 0.10454531\n",
      "  0.08999865 0.09118026 0.09277171 0.10162952]\n",
      " [0.11150309 0.11040234 0.09671204 0.10030939 0.09209172 0.09793358\n",
      "  0.09399882 0.09605025 0.08785521 0.11314348]\n",
      " [0.10060108 0.10258009 0.11000378 0.09096245 0.09955022 0.09810792\n",
      "  0.09595013 0.09911463 0.0969941  0.10613555]\n",
      " [0.10674015 0.10277959 0.1093483  0.09431819 0.09690582 0.0999869\n",
      "  0.0989952  0.08989314 0.09520054 0.10583212]\n",
      " [0.10414299 0.10821776 0.1213216  0.09331311 0.09080186 0.0957591\n",
      "  0.09077024 0.09822945 0.0881535  0.10929041]\n",
      " [0.09922853 0.09650128 0.11257441 0.09909493 0.09676081 0.12063019\n",
      "  0.09447026 0.09625838 0.08757836 0.09690285]\n",
      " [0.09991337 0.10300145 0.10545065 0.09934767 0.10045055 0.10615873\n",
      "  0.09379994 0.10481749 0.09080835 0.09625175]\n",
      " [0.10039114 0.10705565 0.10932151 0.09166568 0.10297827 0.11021505\n",
      "  0.0988068  0.08340892 0.08411744 0.11203949]\n",
      " [0.11176565 0.10082478 0.10628261 0.08506841 0.0907961  0.10978404\n",
      "  0.10051924 0.0784979  0.10877534 0.10768601]\n",
      " [0.1146592  0.09204051 0.10974367 0.08573745 0.09259183 0.10620623\n",
      "  0.10477411 0.09081959 0.09005499 0.11337237]\n",
      " [0.10758891 0.11130746 0.10455997 0.09359462 0.09493708 0.09571584\n",
      "  0.09934901 0.09129913 0.09395152 0.10769644]\n",
      " [0.10800894 0.09572773 0.11114959 0.09440415 0.10353385 0.09886289\n",
      "  0.09702682 0.10239781 0.08493627 0.10395188]\n",
      " [0.10827145 0.10948548 0.10614889 0.08796078 0.09636977 0.09675574\n",
      "  0.09452368 0.09875271 0.08839842 0.11333311]\n",
      " [0.09478097 0.10267741 0.10519844 0.09333834 0.0987796  0.09838152\n",
      "  0.10705893 0.08619305 0.09823921 0.11535257]\n",
      " [0.09906335 0.11164887 0.10534681 0.08844958 0.09040947 0.10215551\n",
      "  0.09084724 0.09846486 0.10653259 0.10708168]\n",
      " [0.11697277 0.10548273 0.10338021 0.08547787 0.09576881 0.10476573\n",
      "  0.10645531 0.09557758 0.09244754 0.0936715 ]\n",
      " [0.1023585  0.10452913 0.10093906 0.08803222 0.10650393 0.11261737\n",
      "  0.10310823 0.08333032 0.09391771 0.10466356]\n",
      " [0.10413056 0.11486487 0.10579928 0.08418292 0.09734603 0.09993751\n",
      "  0.10633361 0.09149451 0.09337586 0.10253488]\n",
      " [0.10377526 0.10290848 0.10235757 0.09649279 0.11155394 0.10021006\n",
      "  0.10906123 0.08413859 0.08364756 0.10585458]\n",
      " [0.10014442 0.10590693 0.09796447 0.10088231 0.10865441 0.09745853\n",
      "  0.10356163 0.09032201 0.09068336 0.10442197]\n",
      " [0.11137264 0.10639626 0.10167641 0.08554725 0.10939308 0.10667261\n",
      "  0.09532136 0.09514499 0.08933374 0.09914163]\n",
      " [0.09547523 0.10402118 0.10561863 0.10258021 0.11047489 0.1099787\n",
      "  0.09237045 0.09595113 0.08472808 0.09880146]\n",
      " [0.09281242 0.11468226 0.09624062 0.08484389 0.09632909 0.10060014\n",
      "  0.10911869 0.08698875 0.10520633 0.11317791]\n",
      " [0.10778946 0.09775399 0.10912018 0.09298005 0.10679498 0.10811514\n",
      "  0.08905268 0.08026361 0.08629798 0.12183193]\n",
      " [0.10139932 0.10441683 0.10865444 0.08902843 0.08623997 0.11035521\n",
      "  0.10400299 0.08932536 0.08734895 0.1192285 ]\n",
      " [0.09555384 0.10734696 0.10445044 0.09425921 0.10544513 0.11223738\n",
      "  0.09411632 0.1039793  0.08916444 0.09344705]\n",
      " [0.10150517 0.11380301 0.10441951 0.09432626 0.10272129 0.10724905\n",
      "  0.09686451 0.09763776 0.08337881 0.09809471]\n",
      " [0.11041092 0.11365915 0.10136325 0.08719859 0.10550373 0.10632143\n",
      "  0.09835413 0.09277926 0.08477399 0.09963561]\n",
      " [0.10357537 0.09221403 0.11217071 0.09693928 0.0935649  0.09689798\n",
      "  0.09592883 0.0924333  0.09686602 0.11940957]\n",
      " [0.09767999 0.10602984 0.11362115 0.08890887 0.10269177 0.09825157\n",
      "  0.10297108 0.08153288 0.09558833 0.11272453]\n",
      " [0.09876096 0.10222597 0.10393229 0.0898685  0.100417   0.10221768\n",
      "  0.10566512 0.08794679 0.10562085 0.10334481]\n",
      " [0.10095592 0.10597144 0.10674042 0.08176412 0.11729445 0.10018474\n",
      "  0.09727763 0.08244459 0.09543635 0.11193039]\n",
      " [0.09895372 0.10108043 0.11664709 0.08398966 0.09334598 0.10766314\n",
      "  0.09560486 0.09558639 0.10077555 0.10635322]\n",
      " [0.09968019 0.10170928 0.11142357 0.09519114 0.10056005 0.10202321\n",
      "  0.10101096 0.0923838  0.0953681  0.10064979]\n",
      " [0.10112719 0.10632573 0.11027687 0.09668048 0.09292088 0.09752484\n",
      "  0.09290175 0.08949031 0.10165171 0.11110029]\n",
      " [0.09417777 0.11450077 0.12038376 0.0837436  0.09500395 0.10908215\n",
      "  0.10139622 0.08723225 0.07993995 0.11453963]\n",
      " [0.10140311 0.09751585 0.12382158 0.09836084 0.09490519 0.10483447\n",
      "  0.08869314 0.0968155  0.09155096 0.10209936]\n",
      " [0.10058782 0.10248402 0.10518113 0.09507126 0.10759135 0.10331424\n",
      "  0.09399711 0.09550902 0.08969246 0.10657164]\n",
      " [0.10329444 0.10558376 0.10268142 0.0899329  0.10263408 0.09601525\n",
      "  0.09692748 0.09736854 0.09116756 0.11439451]\n",
      " [0.09618788 0.09550896 0.11548749 0.09983052 0.09799972 0.10352977\n",
      "  0.09710278 0.0954091  0.09679295 0.10215092]\n",
      " [0.10764184 0.10926768 0.10078187 0.08785959 0.11474703 0.0985236\n",
      "  0.10280056 0.08728901 0.09239472 0.09869411]\n",
      " [0.10332818 0.0979265  0.10691689 0.10067306 0.10042828 0.10118138\n",
      "  0.09979771 0.09301925 0.08911502 0.10761376]\n",
      " [0.10733252 0.11100277 0.10450435 0.08707885 0.09681737 0.0971111\n",
      "  0.10111096 0.08320432 0.09888477 0.11295302]\n",
      " [0.10539715 0.10590642 0.10416707 0.0894556  0.10506066 0.10625364\n",
      "  0.10717611 0.08635695 0.08784603 0.10238042]\n",
      " [0.10467649 0.11068121 0.0954854  0.0882217  0.10491704 0.10314284\n",
      "  0.10522666 0.09483973 0.09524324 0.09756576]\n",
      " [0.10898719 0.11234241 0.10552309 0.09290487 0.0955962  0.0944095\n",
      "  0.1068624  0.09420669 0.08995721 0.09921036]\n",
      " [0.10796511 0.11493249 0.09652704 0.09691788 0.10094522 0.10103683\n",
      "  0.09936423 0.07933279 0.10077453 0.10220392]] (9.944 sec)\n"
     ]
    },
    {
     "name": "stdout",
     "output_type": "stream",
     "text": [
      "INFO:tensorflow:global_step/sec: 5.18821\n",
      "INFO:tensorflow:probabilities = [[0.08820572 0.10121291 0.09002241 0.08373263 0.11014093 0.10395177\n",
      "  0.09452853 0.09611777 0.10181688 0.13027053]\n",
      " [0.10724764 0.09925859 0.09697665 0.08207989 0.09754392 0.11230899\n",
      "  0.1150432  0.08719637 0.09041473 0.11192998]\n",
      " [0.10235281 0.10502983 0.10464701 0.10066921 0.11097579 0.10128396\n",
      "  0.0984847  0.09209173 0.09197739 0.09248749]\n",
      " [0.10348441 0.09608238 0.10549642 0.09172622 0.10739699 0.10022676\n",
      "  0.09665526 0.09844418 0.09730113 0.10318624]\n",
      " [0.1009978  0.10758223 0.10919066 0.09085414 0.10464837 0.0980058\n",
      "  0.10194298 0.09389789 0.0901304  0.10274971]\n",
      " [0.09518763 0.109621   0.10017417 0.09843154 0.10437141 0.09979274\n",
      "  0.10658564 0.09130472 0.09516487 0.09936634]\n",
      " [0.10736335 0.10353084 0.1085497  0.08847429 0.1010021  0.10965544\n",
      "  0.08990613 0.08928958 0.08957986 0.11264873]\n",
      " [0.09592479 0.09573651 0.10128141 0.09747149 0.09610596 0.102607\n",
      "  0.10796152 0.09180613 0.0998149  0.11129029]\n",
      " [0.09997235 0.09699349 0.1140606  0.09427154 0.10092517 0.09636326\n",
      "  0.10737948 0.09229067 0.0990986  0.09864485]\n",
      " [0.09814569 0.10368958 0.09933805 0.09315221 0.09966774 0.10150106\n",
      "  0.1134282  0.09163995 0.09781867 0.10161883]\n",
      " [0.09924813 0.09253537 0.10486607 0.09797954 0.10555733 0.11082237\n",
      "  0.0994688  0.09759121 0.10133241 0.09059875]\n",
      " [0.09286223 0.1152074  0.09949831 0.0889229  0.0981519  0.1042864\n",
      "  0.10395714 0.08916337 0.0991433  0.10880706]\n",
      " [0.10195481 0.11025149 0.09988019 0.09036491 0.1042522  0.10036185\n",
      "  0.10926451 0.07437249 0.09405563 0.11524194]\n",
      " [0.11502817 0.105317   0.09016693 0.08958997 0.10425323 0.09436732\n",
      "  0.1122507  0.08873098 0.10217533 0.0981204 ]\n",
      " [0.09300521 0.0969368  0.10596706 0.10323684 0.1101955  0.10720753\n",
      "  0.09270397 0.08776294 0.1003419  0.10264225]\n",
      " [0.09767716 0.10384019 0.09955595 0.09047383 0.10648178 0.11291376\n",
      "  0.10661419 0.08526365 0.09236838 0.10481115]\n",
      " [0.11505546 0.09943579 0.10794176 0.0866868  0.11019825 0.09180123\n",
      "  0.09532323 0.08915812 0.09649244 0.10790689]\n",
      " [0.10537285 0.10340469 0.10623442 0.0892101  0.09548323 0.09944094\n",
      "  0.09867869 0.1008625  0.09630968 0.10500292]\n",
      " [0.09558284 0.10981315 0.10456911 0.09178005 0.10514471 0.10403054\n",
      "  0.09632638 0.10499723 0.09201352 0.09574245]\n",
      " [0.09809939 0.10734954 0.09117302 0.08497316 0.1105676  0.11164906\n",
      "  0.10711898 0.09245672 0.08940049 0.1072121 ]\n",
      " [0.11711881 0.09567976 0.09575736 0.09173559 0.0983058  0.11452772\n",
      "  0.11107222 0.08224273 0.08784232 0.10571759]\n",
      " [0.11335658 0.10299201 0.10619515 0.09267662 0.10919048 0.08815882\n",
      "  0.1027636  0.09117838 0.09278458 0.10070387]\n",
      " [0.09902802 0.10301848 0.10929345 0.0901427  0.10616493 0.09769913\n",
      "  0.10170987 0.09351523 0.09720361 0.10222455]\n",
      " [0.10128852 0.10374258 0.1076376  0.09709466 0.10473999 0.09158465\n",
      "  0.09912974 0.08891382 0.10204963 0.10381882]\n",
      " [0.09722701 0.09795778 0.1041109  0.08510415 0.10168393 0.1125017\n",
      "  0.11353137 0.09559592 0.09304467 0.09924253]\n",
      " [0.10553065 0.1010841  0.10961358 0.09096672 0.09142188 0.09482361\n",
      "  0.11780807 0.09907834 0.09349905 0.09617406]\n",
      " [0.10410286 0.10561149 0.10608245 0.09127624 0.09900502 0.10395598\n",
      "  0.09354237 0.09968378 0.0961285  0.10061132]\n",
      " [0.10007259 0.10181484 0.10093296 0.09741228 0.10828263 0.10147366\n",
      "  0.10593497 0.08847569 0.09864247 0.09695796]\n",
      " [0.11197378 0.09983281 0.0944944  0.08613052 0.10068886 0.10484695\n",
      "  0.09924708 0.08642489 0.10143019 0.11493053]\n",
      " [0.09796817 0.10916287 0.10223573 0.08697303 0.10141642 0.10319654\n",
      "  0.10298549 0.09276049 0.09407122 0.10923006]\n",
      " [0.09517169 0.09588881 0.10670695 0.08868222 0.10223872 0.10249514\n",
      "  0.09645546 0.10570437 0.09851567 0.10814095]\n",
      " [0.11084688 0.09499005 0.11598901 0.08426764 0.09170919 0.11564092\n",
      "  0.0983652  0.084395   0.08425993 0.11953624]\n",
      " [0.10541165 0.10503774 0.11912793 0.08485343 0.09014387 0.09751062\n",
      "  0.12511614 0.08126373 0.09131359 0.10022141]\n",
      " [0.10206385 0.10395443 0.10599351 0.09055599 0.09686806 0.09908941\n",
      "  0.10552966 0.09757444 0.10149343 0.09687714]\n",
      " [0.09651539 0.10657671 0.10909756 0.08548532 0.09655641 0.10215653\n",
      "  0.10380609 0.09572174 0.09427645 0.10980783]\n",
      " [0.09924094 0.10381435 0.10996956 0.08963333 0.10333792 0.10158072\n",
      "  0.10043654 0.09872139 0.09125292 0.1020124 ]\n",
      " [0.09078284 0.0991868  0.11986274 0.09523144 0.09515823 0.10054378\n",
      "  0.10311104 0.09638753 0.09777611 0.1019595 ]\n",
      " [0.09755667 0.10718983 0.10355184 0.08951487 0.09864529 0.10491262\n",
      "  0.1063794  0.09663472 0.09749179 0.09812294]\n",
      " [0.10563475 0.09884301 0.11503634 0.0865388  0.10412311 0.0945744\n",
      "  0.10139244 0.09647953 0.08614574 0.11123194]\n",
      " [0.10058258 0.10263994 0.10642689 0.09974623 0.09734743 0.10206863\n",
      "  0.10156055 0.09260295 0.09900688 0.09801786]\n",
      " [0.10121188 0.10290463 0.10603733 0.09051392 0.10513569 0.10035319\n",
      "  0.09959024 0.08979782 0.10249817 0.10195708]\n",
      " [0.09709772 0.10817802 0.11697286 0.09413366 0.0849637  0.09715129\n",
      "  0.10589237 0.09368838 0.09539603 0.106526  ]\n",
      " [0.08833608 0.10025952 0.09997273 0.09218258 0.10553508 0.12575573\n",
      "  0.09770785 0.08923542 0.10030308 0.10071192]\n",
      " [0.10168277 0.11356457 0.10266862 0.08862348 0.11542306 0.09063037\n",
      "  0.10947397 0.08110148 0.09069461 0.1061372 ]\n",
      " [0.1085453  0.09821691 0.10420234 0.09097125 0.09583613 0.10541641\n",
      "  0.10757709 0.09267469 0.09071506 0.10584484]\n",
      " [0.1021027  0.09940463 0.09771591 0.08926234 0.10601342 0.1080873\n",
      "  0.09972148 0.0879264  0.10665604 0.10310977]\n",
      " [0.11704331 0.10457854 0.10762407 0.0955567  0.09729803 0.09141028\n",
      "  0.0973024  0.08783177 0.09587246 0.10548249]\n",
      " [0.10524976 0.09592251 0.10669966 0.08809057 0.09952815 0.10708371\n",
      "  0.10028984 0.09285919 0.09293766 0.11133903]\n",
      " [0.09838718 0.10469136 0.10078287 0.1037363  0.09041583 0.10817867\n",
      "  0.10957035 0.08984674 0.09162268 0.10276799]\n",
      " [0.10024758 0.09773612 0.10128795 0.09228437 0.10783081 0.1041838\n",
      "  0.09568451 0.10221729 0.09337808 0.10514947]\n",
      " [0.0983792  0.10619773 0.10579199 0.08891534 0.09768749 0.10437439\n",
      "  0.09927433 0.0958136  0.09619221 0.10737364]\n",
      " [0.09975351 0.09717835 0.10679989 0.09472628 0.10178761 0.1039145\n",
      "  0.1098747  0.08905785 0.09419325 0.102714  ]\n",
      " [0.09763261 0.10774814 0.10622931 0.09114168 0.09758499 0.10714336\n",
      "  0.09728299 0.09412088 0.09370562 0.10741042]\n",
      " [0.10264926 0.10512571 0.10390748 0.09567343 0.1025275  0.10424361\n",
      "  0.09771398 0.1054242  0.08608846 0.09664635]\n",
      " [0.10723555 0.10065808 0.0906715  0.08790533 0.1126861  0.10614951\n",
      "  0.10496275 0.09603754 0.09234481 0.10134891]\n",
      " [0.09932171 0.09871437 0.10702823 0.08853836 0.10682078 0.1036673\n",
      "  0.10708115 0.09601012 0.09184029 0.10097773]\n",
      " [0.10698063 0.10993584 0.11204753 0.08529888 0.10038836 0.10503281\n",
      "  0.09755867 0.08191846 0.09378735 0.10705144]\n",
      " [0.10774679 0.10225905 0.11430705 0.09567678 0.09463988 0.098756\n",
      "  0.09695432 0.09657828 0.09235805 0.10072374]\n",
      " [0.09480748 0.11015709 0.10397481 0.1003324  0.10008187 0.10304811\n",
      "  0.09581842 0.10426071 0.087863   0.09965613]\n",
      " [0.09904609 0.10025446 0.10212949 0.09365868 0.11313516 0.10671142\n",
      "  0.10110933 0.09677674 0.09348025 0.09369846]\n",
      " [0.10561186 0.09843235 0.10213309 0.09609365 0.09328107 0.09328739\n",
      "  0.10771736 0.0837806  0.10639092 0.11327172]\n",
      " [0.09857878 0.09928901 0.09801096 0.08913714 0.1224952  0.0928107\n",
      "  0.09960232 0.09699599 0.09419344 0.10888642]\n",
      " [0.11803658 0.10620268 0.08899304 0.08859753 0.11687961 0.10143819\n",
      "  0.09838912 0.09606851 0.09275024 0.09264447]\n",
      " [0.10309206 0.11126378 0.09915312 0.08705503 0.09948419 0.10912074\n",
      "  0.10592607 0.08663587 0.0825045  0.11576462]\n",
      " [0.10258012 0.10814872 0.10503966 0.09481451 0.10640623 0.09395314\n",
      "  0.09929299 0.089376   0.09519224 0.10519633]\n",
      " [0.09902865 0.10278662 0.10594622 0.09409423 0.11034001 0.10021537\n",
      "  0.09643777 0.10348965 0.0916625  0.09599903]\n",
      " [0.1020349  0.10343041 0.11122317 0.08749909 0.08650319 0.11339039\n",
      "  0.10195497 0.08640835 0.09743048 0.11012504]\n",
      " [0.09995686 0.10146749 0.11484399 0.08880482 0.11213275 0.09961075\n",
      "  0.09301971 0.09087582 0.09762219 0.10166571]\n",
      " [0.11108002 0.0967052  0.11303279 0.09339424 0.09695057 0.10338344\n",
      "  0.09221318 0.08764414 0.09875553 0.10684093]\n",
      " [0.11083165 0.10056801 0.09607449 0.0928311  0.10512192 0.09535896\n",
      "  0.10350543 0.09108926 0.08962904 0.11499015]\n",
      " [0.11505505 0.09845062 0.1018281  0.08325261 0.09798428 0.12342862\n",
      "  0.10029889 0.08756903 0.09326478 0.09886799]\n",
      " [0.1003897  0.10291366 0.09867854 0.09627209 0.0983548  0.10500293\n",
      "  0.10326388 0.10057418 0.09952098 0.09502915]\n",
      " [0.10186024 0.10711498 0.10407976 0.08880438 0.1045864  0.09945247\n",
      "  0.09906375 0.08528963 0.09821881 0.11152953]\n",
      " [0.10168918 0.09696212 0.09824096 0.09568045 0.10721119 0.105238\n",
      "  0.09883385 0.09058791 0.10023636 0.10532003]\n",
      " [0.10153023 0.10289517 0.10154913 0.08808129 0.11074934 0.09512459\n",
      "  0.0956105  0.10393292 0.09668498 0.1038418 ]\n",
      " [0.09442622 0.11008354 0.10588638 0.08367152 0.10359021 0.10081681\n",
      "  0.1011741  0.09691726 0.09375696 0.10967705]\n",
      " [0.10821965 0.102047   0.0997349  0.09210261 0.10150693 0.10739392\n",
      "  0.09986493 0.08716162 0.09774728 0.10422111]\n",
      " [0.09913187 0.102733   0.11111249 0.09374519 0.10637384 0.10108899\n",
      "  0.09348015 0.09397767 0.09799969 0.10035715]\n",
